0.132969787597074 0.785688620838857
0.0970619370039851 0.791896167685624
0.061221422326329 0.795509776476541
0.0257013516377966 0.799078218255572
-0.00949987913678619 0.80261456403622
-0.0443851256864271 0.806119165447713
-0.0789572244151907 0.809592307762306
-0.11321898629797 0.813034273374543
-0.147173197077068 0.816445342142464
-0.180822617488541 0.819825791411952
-0.214169983486665 0.82317589603929
-0.247218006466393 0.82649592841351
-0.279969373483807 0.829786158478543
-0.312426747474601 0.833046853755162
-0.344592767470594 0.83627827936274
-0.376470048814306 0.8394806980408
-0.408061183371605 0.842654370170383
-0.439368739742444 0.845799553795215
-0.470395263469709 0.84891650464269
-0.501143277246192 0.852005476144662
-0.531615281119701 0.855066719458051
-0.561813752696338 0.858100483485264
-0.591741147341945 0.861107014894433
-0.621399898381742 0.864086558139469
-0.650792417298181 0.867039355479943
-0.679921093927008 0.869965647000777
-0.708788296651586 0.872865670631769
-0.737396372595454 0.875739662166938
-0.76574764781317 0.878587855283693
-0.793844427479437 0.881410481561839
-0.82168899607653 0.884207770502398
-0.849283617580042 0.886979949546277
-0.876630535642964 0.889727244092754
-0.903731973778107 0.892449877517809
-0.930590135538897 0.895148071192286
-0.957207204698535 0.897822044499889
-0.983585345427556 0.900472014855024
-1.00972670246979 0.903098197720472
-1.03563340131677 0.90570080662491
-1.06130754838049 0.908280053180274
-1.08675123116475 0.910836147098961
-1.11196651843482 0.913369296210884
-1.1369554603857 0.915879706480368
-1.16172008880877 0.918367582022895
-1.18626241725703 0.920833125121704
-1.21058444120877 0.923276536244235
-1.23468813822988 0.925698014058432
-1.25857546813457 0.92809775544889
-1.2822483731448 0.930475955532871
-1.3057087780481 0.932832807676162
-1.32895859035417 0.935168503508801
-1.3519997004499 0.937483232940655
-1.37483398175311 0.939777184176867
-1.39746329086485 0.94205054373315
-1.41988946772038 0.944303496450957
-1.44211433573877 0.946536225512514
-1.46413970197112 0.948748912455703
-1.48596735724754 0.950941737188834
-1.50759907632272 0.953114878005267
-1.52903661802026 0.955268511597908
-1.55028172537562 0.957402813073578
-1.57133612577794 0.959517955967249
-1.59220153111038 0.961614112256157
-1.61287963788938 0.963691452373779
-1.63337212740259 0.965750145223695
-1.65368066584555 0.967790358193321
-1.67380690445719 0.969812257167517
-1.69375247965405 0.971816006542075
-1.71351901316337 0.973801769237088
-1.73310811215495 0.975769706710193
-1.7525213693718 0.977719978969702
-1.77176036325964 0.979652744587611
-1.79082665809529 0.981568160712491
-1.80972180411378 0.983466383082268
-1.82844733763447 0.985347566036883
-1.8470047811859 0.987211862530847
-1.86539564362965 0.989059424145668
-1.88362142028296 0.990890401102184
-1.90168359304035 0.992704942272773
-1.91958363049409 0.994503195193459
-1.93732298805361 0.996285306075905
-1.95490310806387 0.998051419819305
-1.97232541992256 0.999801680022165
-1.98959134019639 1.00153622899398
-2.00670227273625 1.00325520776678
-2.02365960879132 1.00495875610666
-2.04046472712225 1.00664701252507
-2.05711899411319 1.00832011429012
-2.07362376388295 1.00997819743774
-2.08998037839509 1.01162139678271
-2.10619016756698 1.01324984592967
-2.122254449378 1.01486367728393
-2.13817452997667 1.01646302206229
-2.15395170378685 1.01804801030367
-2.16958725361298 1.01961877087967
-2.1850824507444 1.02117543150511
-2.20043855505871 1.02271811874836
-2.21565681512419 1.02424695804165
-2.23073846830136 1.02576207369125
-2.24568474084352 1.02726358888761